Call: survfit(formula = Surv(t, status) ~ Variant, data = test2)

                Variant=WT 
 time n.risk n.event survival std.err lower 95% CI upper 95% CI
   12    234       2    0.991 0.00602        0.980        1.000
   14    232       1    0.987 0.00735        0.973        1.000
   15    231       1    0.983 0.00847        0.966        1.000
   16    230       2    0.974 0.01033        0.954        0.995
   23    228       2    0.966 0.01188        0.943        0.989
   24    226       1    0.962 0.01257        0.937        0.986
   25    225       1    0.957 0.01322        0.932        0.984
   26    224       3    0.944 0.01497        0.916        0.974
   27    221       1    0.940 0.01550        0.910        0.971
   30    220       3    0.927 0.01697        0.895        0.961
   31    217       3    0.915 0.01828        0.879        0.951
   32    214       1    0.910 0.01868        0.874        0.948
   33    213       2    0.902 0.01946        0.864        0.941
   34    211       1    0.897 0.01983        0.859        0.937
   35    210       1    0.893 0.02019        0.854        0.934
   37    209       2    0.885 0.02089        0.845        0.927
   38    207       3    0.872 0.02186        0.830        0.916
   40    204       1    0.868 0.02216        0.825        0.912
   41    203       1    0.863 0.02246        0.820        0.908
   42    202       3    0.850 0.02332        0.806        0.897
   44    199       1    0.846 0.02359        0.801        0.894
   45    198       2    0.838 0.02411        0.792        0.886
   48    196       2    0.829 0.02461        0.782        0.879
   50    194       1    0.825 0.02485        0.777        0.875
   51    193       3    0.812 0.02554        0.763        0.864
   53    190       2    0.803 0.02598        0.754        0.856
   54    188       2    0.795 0.02640        0.745        0.848
   55    186       3    0.782 0.02699        0.731        0.837
   56    183       3    0.769 0.02754        0.717        0.825
   57    180       5    0.748 0.02839        0.694        0.806
   58    175       1    0.744 0.02854        0.690        0.802
   59    174       5    0.722 0.02928        0.667        0.782
   60    169       2    0.714 0.02955        0.658        0.774
   61    167       1    0.709 0.02968        0.654        0.770
   62    166       2    0.701 0.02993        0.645        0.762
   63    164       4    0.684 0.03040        0.627        0.746
   64    160       4    0.667 0.03082        0.609        0.730
   65    156       2    0.658 0.03101        0.600        0.722
   66    154       2    0.650 0.03119        0.591        0.714
   67    152       2    0.641 0.03136        0.582        0.706
   68    150       4    0.624 0.03167        0.565        0.689
   69    146       5    0.603 0.03199        0.543        0.669
   70    141       7    0.573 0.03234        0.513        0.640
   73    134       3    0.560 0.03245        0.500        0.627
   75    131       1    0.556 0.03248        0.495        0.623
   76    130       2    0.547 0.03254        0.487        0.615
   77    128       2    0.538 0.03259        0.478        0.606
   78    126       1    0.534 0.03261        0.474        0.602
   79    125       8    0.500 0.03269        0.440        0.568
   80    117       3    0.487 0.03268        0.427        0.556
   81    114       3    0.474 0.03264        0.415        0.543
   82    111       1    0.470 0.03263        0.410        0.539
   83    110       5    0.449 0.03251        0.389        0.517
   84    105       1    0.444 0.03248        0.385        0.513
   85    104       2    0.436 0.03242        0.377        0.504
   86    102       4    0.419 0.03225        0.360        0.487
   88     98       4    0.402 0.03205        0.344        0.470
   89     94       2    0.393 0.03193        0.335        0.461
   90     92       3    0.380 0.03174        0.323        0.448
   91     89       5    0.359 0.03136        0.302        0.426
   92     84       1    0.355 0.03128        0.298        0.422
   94     83       1    0.350 0.03119        0.294        0.417
   95     82       3    0.338 0.03091        0.282        0.404
   96     79       3    0.325 0.03061        0.270        0.391
   97     76       4    0.308 0.03017        0.254        0.373
   98     72       1    0.303 0.03005        0.250        0.368
   99     71       2    0.295 0.02981        0.242        0.359
  100     69       2    0.286 0.02955        0.234        0.351
  101     67       1    0.282 0.02942        0.230        0.346
  102     66       2    0.274 0.02914        0.222        0.337
  105     64       1    0.269 0.02900        0.218        0.333
  107     63       1    0.265 0.02885        0.214        0.328
  108     62       1    0.261 0.02870        0.210        0.323
  110     61       1    0.256 0.02854        0.206        0.319
  111     60       1    0.252 0.02839        0.202        0.314
  113     59       2    0.244 0.02806        0.194        0.305
  114     57       3    0.231 0.02754        0.183        0.292
  115     54       2    0.222 0.02718        0.175        0.282
  116     52       2    0.214 0.02680        0.167        0.273

                Variant=D262V 
 time n.risk n.event survival std.err lower 95% CI upper 95% CI
   11    240       1    0.996 0.00416        0.988        1.000
   17    239       2    0.988 0.00717        0.974        1.000
   19    237       1    0.983 0.00826        0.967        1.000
   20    236       2    0.975 0.01008        0.955        0.995
   24    234       1    0.971 0.01086        0.950        0.992
   25    233       1    0.967 0.01159        0.944        0.990
   26    232       2    0.958 0.01290        0.933        0.984
   27    230       1    0.954 0.01350        0.928        0.981
   28    229       2    0.946 0.01461        0.918        0.975
   29    227       2    0.938 0.01563        0.907        0.969
   32    225       1    0.933 0.01610        0.902        0.965
   33    224       2    0.925 0.01700        0.892        0.959
   34    222       2    0.917 0.01784        0.882        0.952
   35    220       1    0.913 0.01824        0.877        0.949
   36    219       4    0.896 0.01972        0.858        0.935
   38    215       4    0.879 0.02104        0.839        0.921
   39    211       1    0.875 0.02135        0.834        0.918
   40    210       1    0.871 0.02165        0.829        0.914
   41    209       1    0.867 0.02194        0.825        0.911
   43    208       2    0.858 0.02251        0.815        0.904
   44    206       2    0.850 0.02305        0.806        0.896
   45    204       1    0.846 0.02331        0.801        0.893
   46    203       1    0.842 0.02356        0.797        0.889
   47    202       3    0.829 0.02429        0.783        0.878
   48    199       4    0.813 0.02519        0.765        0.863
   49    195       1    0.808 0.02541        0.760        0.860
   50    194       3    0.796 0.02602        0.746        0.848
   51    191       2    0.788 0.02641        0.737        0.841
   52    189       5    0.767 0.02730        0.715        0.822
   53    184       3    0.754 0.02779        0.702        0.811
   54    181       2    0.746 0.02810        0.693        0.803
   55    179       1    0.742 0.02825        0.688        0.799
   56    178       1    0.738 0.02840        0.684        0.795
   58    177       2    0.729 0.02869        0.675        0.788
   59    175       3    0.717 0.02909        0.662        0.776
   60    172       2    0.708 0.02934        0.653        0.768
   61    170       3    0.696 0.02970        0.640        0.757
   62    167       1    0.692 0.02981        0.636        0.753
   63    166       1    0.688 0.02992        0.631        0.749
   64    165       2    0.679 0.03013        0.623        0.741
   65    163       3    0.667 0.03043        0.610        0.729
   66    160       2    0.658 0.03061        0.601        0.721
   67    158       4    0.642 0.03095        0.584        0.705
   69    154       5    0.621 0.03132        0.562        0.685
   70    149       1    0.617 0.03138        0.558        0.681
   71    148       3    0.604 0.03157        0.545        0.669
   72    145       2    0.596 0.03168        0.537        0.661
   73    143       3    0.583 0.03182        0.524        0.649
   74    140       2    0.575 0.03191        0.516        0.641
   75    138       3    0.563 0.03202        0.503        0.629
   76    135       3    0.550 0.03211        0.491        0.617
   77    132       3    0.538 0.03218        0.478        0.604
   78    129       1    0.533 0.03220        0.474        0.600
   79    128       3    0.521 0.03225        0.461        0.588
   80    125       3    0.508 0.03227        0.449        0.576
   81    122       2    0.500 0.03227        0.441        0.567
   82    120       1    0.496 0.03227        0.436        0.563
   83    119       1    0.492 0.03227        0.432        0.559
   84    118       2    0.483 0.03226        0.424        0.551
   85    116       2    0.475 0.03223        0.416        0.543
   86    114       2    0.467 0.03220        0.408        0.534
   87    112       5    0.446 0.03208        0.387        0.513
   88    107       3    0.433 0.03199        0.375        0.501
   89    104       3    0.421 0.03187        0.363        0.488
   91    101       2    0.413 0.03178        0.355        0.480
   92     99       6    0.388 0.03145        0.331        0.454
   93     93       2    0.379 0.03132        0.322        0.446
   95     91       1    0.375 0.03125        0.318        0.442
   96     90       5    0.354 0.03087        0.299        0.420
   98     85       3    0.342 0.03061        0.287        0.407
   99     82       5    0.321 0.03013        0.267        0.386
  100     77       5    0.300 0.02958        0.247        0.364
  101     72       2    0.292 0.02934        0.239        0.355
  102     70       3    0.279 0.02896        0.228        0.342
  103     67       1    0.275 0.02882        0.224        0.338
  104     66       2    0.267 0.02854        0.216        0.329
  105     64       1    0.263 0.02840        0.212        0.325
  106     63       3    0.250 0.02795        0.201        0.311
  107     60       1    0.246 0.02779        0.197        0.307
  108     59       3    0.233 0.02730        0.186        0.293
  109     56       1    0.229 0.02713        0.182        0.289
  111     55       2    0.221 0.02678        0.174        0.280
  112     53       2    0.213 0.02641        0.167        0.271
  113     51       3    0.200 0.02582        0.155        0.258
  114     48       3    0.188 0.02519        0.144        0.244
  115     45       1    0.183 0.02498        0.140        0.239
  117     44       3    0.171 0.02429        0.129        0.226
  118     41       2    0.163 0.02381        0.122        0.217

                Variant=allW D262V 
 time n.risk n.event survival std.err lower 95% CI upper 95% CI
   12    236       2    0.992 0.00597       0.9799        1.000
   15    234       1    0.987 0.00729       0.9731        1.000
   17    233       1    0.983 0.00840       0.9667        1.000
   20    232       1    0.979 0.00937       0.9606        0.997
   21    231       1    0.975 0.01025       0.9547        0.995
   22    230       1    0.970 0.01104       0.9489        0.992
   23    229       1    0.966 0.01178       0.9433        0.989
   24    228       1    0.962 0.01247       0.9377        0.987
   25    227       2    0.953 0.01372       0.9269        0.981
   26    225       2    0.945 0.01485       0.9163        0.974
   27    223       1    0.941 0.01538       0.9110        0.971
   28    222       3    0.928 0.01683       0.8956        0.962
   29    219       2    0.919 0.01771       0.8854        0.955
   30    217       2    0.911 0.01853       0.8754        0.948
   31    215       2    0.903 0.01931       0.8655        0.941
   32    213       3    0.890 0.02038       0.8508        0.931
   33    210       1    0.886 0.02072       0.8459        0.927
   34    209       2    0.877 0.02137       0.8362        0.920
   35    207       3    0.864 0.02229       0.8218        0.909
   36    204       1    0.860 0.02258       0.8170        0.906
   37    203       5    0.839 0.02393       0.7934        0.887
   38    198       1    0.835 0.02418       0.7887        0.884
   39    197       1    0.831 0.02442       0.7840        0.880
   40    196       2    0.822 0.02490       0.7747        0.872
   41    194       2    0.814 0.02535       0.7654        0.865
   42    192       2    0.805 0.02579       0.7561        0.857
   43    190       2    0.797 0.02620       0.7469        0.850
   44    188       2    0.788 0.02660       0.7377        0.842
   45    186       5    0.767 0.02752       0.7149        0.823
   46    181       5    0.746 0.02834       0.6922        0.803
   47    176       5    0.725 0.02908       0.6698        0.784
   48    171       4    0.708 0.02961       0.6519        0.768
   49    167       5    0.686 0.03020       0.6297        0.748
   50    162       4    0.669 0.03062       0.6121        0.732
   51    158       6    0.644 0.03117       0.5858        0.708
   52    152       5    0.623 0.03155       0.5640        0.688
   54    147       1    0.619 0.03162       0.5597        0.684
   55    146       6    0.593 0.03198       0.5337        0.659
   56    140       2    0.585 0.03208       0.5251        0.651
   57    138       2    0.576 0.03217       0.5166        0.643
   59    136       2    0.568 0.03225       0.5080        0.635
   61    134       2    0.559 0.03232       0.4994        0.626
   63    132       3    0.547 0.03241       0.4866        0.614
   64    129       2    0.538 0.03245       0.4781        0.606
   65    127       1    0.534 0.03247       0.4739        0.601
   66    126       1    0.530 0.03249       0.4697        0.597
   67    125       1    0.525 0.03251       0.4654        0.593
   68    124       2    0.517 0.03253       0.4570        0.585
   69    122       4    0.500 0.03255       0.4401        0.568
   70    118       2    0.492 0.03254       0.4317        0.560
   71    116       4    0.475 0.03251       0.4150        0.543
   72    112       1    0.470 0.03249       0.4108        0.539
   74    111       2    0.462 0.03245       0.4024        0.530
   75    109       3    0.449 0.03238       0.3900        0.517
   76    106       2    0.441 0.03232       0.3817        0.509
   77    104       3    0.428 0.03221       0.3693        0.496
   79    101       4    0.411 0.03203       0.3528        0.479
   82     97       4    0.394 0.03181       0.3364        0.462
   83     93       2    0.386 0.03168       0.3282        0.453
   84     91       4    0.369 0.03140       0.3120        0.436
   85     87       2    0.360 0.03125       0.3038        0.427
   87     85       1    0.356 0.03117       0.2998        0.423
   88     84       2    0.347 0.03100       0.2917        0.414
   89     82       2    0.339 0.03081       0.2837        0.405
   90     80       1    0.335 0.03072       0.2796        0.401
   91     79       4    0.318 0.03031       0.2636        0.383
   93     75       1    0.314 0.03020       0.2596        0.379
   94     74       1    0.309 0.03009       0.2556        0.374
   95     73       5    0.288 0.02948       0.2358        0.352
   96     68       4    0.271 0.02894       0.2200        0.334
   97     64       1    0.267 0.02880       0.2161        0.330
   98     63       2    0.258 0.02850       0.2082        0.321
   99     61       2    0.250 0.02819       0.2004        0.312
  100     59       1    0.246 0.02803       0.1965        0.307
  101     58       3    0.233 0.02752       0.1849        0.294
  102     55       2    0.225 0.02716       0.1772        0.285
  103     53       2    0.216 0.02679       0.1695        0.276
  105     51       1    0.212 0.02660       0.1656        0.271
  107     50       4    0.195 0.02579       0.1504        0.253
  109     46       1    0.191 0.02557       0.1466        0.248
  110     45       1    0.186 0.02535       0.1428        0.243
  112     44       1    0.182 0.02513       0.1390        0.239
  113     43       2    0.174 0.02466       0.1315        0.229
  114     41       3    0.161 0.02393       0.1203        0.215
  115     38       2    0.153 0.02340       0.1129        0.206
  116     36       5    0.131 0.02199       0.0946        0.182
  118     31       5    0.110 0.02038       0.0767        0.158

