Call: survfit(formula = Surv(t, status) ~ Variant, data = test1)

                Variant=WT 
 time n.risk n.event survival std.err lower 95% CI upper 95% CI
   11    138       1    0.993 0.00722        0.979        1.000
   14    137       1    0.986 0.01017        0.966        1.000
   18    136       1    0.978 0.01241        0.954        1.000
   19    135       2    0.964 0.01591        0.933        0.995
   21    133       2    0.949 0.01868        0.913        0.987
   22    131       2    0.935 0.02102        0.894        0.977
   23    129       1    0.928 0.02207        0.885        0.972
   24    128       1    0.920 0.02306        0.876        0.967
   25    127       1    0.913 0.02399        0.867        0.961
   26    126       3    0.891 0.02650        0.841        0.945
   27    123       1    0.884 0.02725        0.832        0.939
   28    122       2    0.870 0.02867        0.815        0.928
   30    120       3    0.848 0.03058        0.790        0.910
   32    117       2    0.833 0.03172        0.773        0.898
   33    115       1    0.826 0.03227        0.765        0.892
   34    114       2    0.812 0.03329        0.749        0.880
   35    112       3    0.790 0.03468        0.725        0.861
   36    109       2    0.775 0.03553        0.709        0.848
   37    107       1    0.768 0.03593        0.701        0.842
   38    106       1    0.761 0.03631        0.693        0.835
   39    105       3    0.739 0.03738        0.669        0.816
   41    102       1    0.732 0.03771        0.662        0.810
   43    101       1    0.725 0.03803        0.654        0.803
   44    100       1    0.717 0.03833        0.646        0.797
   45     99       1    0.710 0.03862        0.638        0.790
   47     98       1    0.703 0.03890        0.631        0.783
   52     97       1    0.696 0.03917        0.623        0.777
   53     96       1    0.688 0.03943        0.615        0.770
   54     95       1    0.681 0.03967        0.608        0.764
   57     94       2    0.667 0.04013        0.592        0.750
   58     92       2    0.652 0.04054        0.577        0.737
   59     90       2    0.638 0.04092        0.562        0.723
   61     88       1    0.630 0.04109        0.555        0.716
   63     87       1    0.623 0.04125        0.547        0.710
   64     86       1    0.616 0.04140        0.540        0.703
   67     85       2    0.601 0.04168        0.525        0.689
   68     83       1    0.594 0.04180        0.518        0.682
   69     82       1    0.587 0.04191        0.510        0.675
   70     81       1    0.580 0.04202        0.503        0.668
   71     80       1    0.572 0.04211        0.496        0.661
   73     79       2    0.558 0.04228        0.481        0.647
   74     77       1    0.551 0.04234        0.474        0.640
   75     76       1    0.543 0.04240        0.466        0.633
   76     75       1    0.536 0.04245        0.459        0.626
   77     74       3    0.514 0.04254        0.438        0.605
   78     71       3    0.493 0.04256        0.416        0.584
   80     68       1    0.486 0.04254        0.409        0.576
   81     67       1    0.478 0.04252        0.402        0.569
   82     66       1    0.471 0.04249        0.395        0.562
   83     65       3    0.449 0.04234        0.373        0.540
   86     62       1    0.442 0.04228        0.366        0.533
   87     61       1    0.435 0.04220        0.359        0.526
   89     60       3    0.413 0.04191        0.339        0.504
   93     57       1    0.406 0.04180        0.332        0.497
   95     56       5    0.370 0.04109        0.297        0.460
   96     51       1    0.362 0.04092        0.290        0.452
   97     50       3    0.341 0.04034        0.270        0.430
   98     47       3    0.319 0.03967        0.250        0.407
  100     44       1    0.312 0.03943        0.243        0.399
  101     43       2    0.297 0.03890        0.230        0.384
  107     41       1    0.290 0.03862        0.223        0.376
  111     40       3    0.268 0.03771        0.204        0.353
  112     37       1    0.261 0.03738        0.197        0.345
  113     36       2    0.246 0.03668        0.184        0.330
  114     34       3    0.225 0.03553        0.165        0.306
  116     31       1    0.217 0.03511        0.158        0.298

                Variant=D262V 
 time n.risk n.event survival std.err lower 95% CI upper 95% CI
   13    218       1    0.995 0.00458        0.986        1.000
   16    217       1    0.991 0.00646        0.978        1.000
   17    216       1    0.986 0.00789        0.971        1.000
   19    215       5    0.963 0.01273        0.939        0.989
   20    210       1    0.959 0.01347        0.933        0.985
   21    209       2    0.950 0.01483        0.921        0.979
   22    207       1    0.945 0.01545        0.915        0.976
   24    206       2    0.936 0.01660        0.904        0.969
   27    204       2    0.927 0.01766        0.893        0.962
   28    202       3    0.913 0.01910        0.876        0.951
   29    199       1    0.908 0.01955        0.871        0.947
   30    198       1    0.904 0.01998        0.865        0.944
   31    197       1    0.899 0.02040        0.860        0.940
   32    196       2    0.890 0.02120        0.849        0.932
   34    194       1    0.885 0.02158        0.844        0.929
   35    193       2    0.876 0.02231        0.833        0.921
   36    191       3    0.862 0.02333        0.818        0.909
   37    188       1    0.858 0.02365        0.813        0.905
   38    187       1    0.853 0.02397        0.808        0.902
   39    186       4    0.835 0.02515        0.787        0.886
   40    182       2    0.826 0.02569        0.777        0.878
   42    180       1    0.821 0.02596        0.772        0.874
   43    179       1    0.817 0.02622        0.767        0.870
   44    178       6    0.789 0.02763        0.737        0.845
   46    172       1    0.784 0.02785        0.732        0.841
   48    171       3    0.771 0.02847        0.717        0.829
   50    168       1    0.766 0.02867        0.712        0.824
   52    167       1    0.761 0.02886        0.707        0.820
   54    166       1    0.757 0.02905        0.702        0.816
   55    165       5    0.734 0.02993        0.678        0.795
   56    160       1    0.729 0.03009        0.673        0.791
   57    159       3    0.716 0.03055        0.658        0.778
   58    156       1    0.711 0.03070        0.653        0.774
   59    155       2    0.702 0.03098        0.644        0.765
   60    153       1    0.697 0.03112        0.639        0.761
   61    152       1    0.693 0.03125        0.634        0.757
   62    151       2    0.683 0.03150        0.624        0.748
   64    149       2    0.674 0.03174        0.615        0.739
   65    147       1    0.670 0.03185        0.610        0.735
   66    146       3    0.656 0.03217        0.596        0.722
   67    143       1    0.651 0.03227        0.591        0.718
   69    142       1    0.647 0.03237        0.586        0.713
   70    141       4    0.628 0.03273        0.567        0.696
   71    137       1    0.624 0.03281        0.563        0.692
   73    136       2    0.615 0.03296        0.553        0.683
   74    134       3    0.601 0.03317        0.539        0.670
   76    131       2    0.592 0.03329        0.530        0.661
   77    129       2    0.583 0.03340        0.521        0.652
   78    127       1    0.578 0.03345        0.516        0.647
   79    126       3    0.564 0.03358        0.502        0.634
   80    123       2    0.555 0.03366        0.493        0.625
   81    121       1    0.550 0.03369        0.488        0.621
   83    120       2    0.541 0.03375        0.479        0.612
   84    118       1    0.537 0.03377        0.474        0.607
   85    117       1    0.532 0.03379        0.470        0.603
   86    116       2    0.523 0.03383        0.461        0.594
   87    114       2    0.514 0.03385        0.452        0.585
   88    112       2    0.505 0.03386        0.442        0.576
   90    110       3    0.491 0.03386        0.429        0.562
   91    107       5    0.468 0.03379        0.406        0.539
   93    102       3    0.454 0.03372        0.393        0.525
   94     99       2    0.445 0.03366        0.384        0.516
   96     97       2    0.436 0.03358        0.375        0.507
   97     95       1    0.431 0.03354        0.370        0.502
   98     94       1    0.427 0.03350        0.366        0.498
   99     93       3    0.413 0.03335        0.352        0.484
  100     90       3    0.399 0.03317        0.339        0.470
  101     87       1    0.394 0.03310        0.335        0.465
  102     86       2    0.385 0.03296        0.326        0.456
  103     84       2    0.376 0.03281        0.317        0.446
  104     82       4    0.358 0.03247        0.300        0.427
  105     78       1    0.353 0.03237        0.295        0.423
  106     77       1    0.349 0.03227        0.291        0.418
  107     76       3    0.335 0.03196        0.278        0.404
  108     73       2    0.326 0.03174        0.269        0.394
  109     71       1    0.321 0.03162        0.265        0.389
  110     70       2    0.312 0.03138        0.256        0.380
  111     68       1    0.307 0.03125        0.252        0.375
  112     67       1    0.303 0.03112        0.248        0.370
  113     66       2    0.294 0.03084        0.239        0.361
  115     64       1    0.289 0.03070        0.235        0.356
  117     63       1    0.284 0.03055        0.230        0.351
  118     62       2    0.275 0.03025        0.222        0.341

                Variant=allW D262V 
 time n.risk n.event survival std.err lower 95% CI upper 95% CI
   12    177       1    0.994 0.00563        0.983        1.000
   13    176       2    0.983 0.00970        0.964        1.000
   14    174       2    0.972 0.01245        0.948        0.996
   15    172       1    0.966 0.01360        0.940        0.993
   16    171       2    0.955 0.01561        0.925        0.986
   17    169       2    0.944 0.01735        0.910        0.978
   19    167       1    0.938 0.01815        0.903        0.974
   20    166       2    0.927 0.01961        0.889        0.966
   21    164       1    0.921 0.02029        0.882        0.962
   22    163       1    0.915 0.02093        0.875        0.957
   23    162       3    0.898 0.02272        0.855        0.944
   24    159       3    0.881 0.02431        0.835        0.930
   25    156       1    0.876 0.02480        0.828        0.926
   26    155       3    0.859 0.02618        0.809        0.912
   28    152       2    0.847 0.02703        0.796        0.902
   29    150       5    0.819 0.02893        0.764        0.878
   30    145       1    0.814 0.02927        0.758        0.873
   31    144       1    0.808 0.02961        0.752        0.868
   32    143       4    0.785 0.03086        0.727        0.848
   33    139       2    0.774 0.03144        0.715        0.838
   34    137       3    0.757 0.03223        0.696        0.823
   35    134       3    0.740 0.03297        0.678        0.808
   36    131       2    0.729 0.03342        0.666        0.797
   37    129       1    0.723 0.03363        0.660        0.792
   38    128       1    0.718 0.03384        0.654        0.787
   40    127       1    0.712 0.03404        0.648        0.782
   41    126       2    0.701 0.03443        0.636        0.771
   42    124       4    0.678 0.03512        0.613        0.750
   43    120       3    0.661 0.03558        0.595        0.735
   44    117       3    0.644 0.03599        0.577        0.719
   45    114       3    0.627 0.03635        0.560        0.703
   46    111       2    0.616 0.03656        0.548        0.692
   47    109       2    0.605 0.03675        0.537        0.681
   48    107       1    0.599 0.03684        0.531        0.676
   49    106       1    0.593 0.03692        0.525        0.670
   50    105       2    0.582 0.03707        0.514        0.659
   52    103       2    0.571 0.03721        0.502        0.648
   53    101       1    0.565 0.03726        0.496        0.643
   54    100       3    0.548 0.03741        0.479        0.626
   56     97       1    0.542 0.03745        0.474        0.621
   57     96       2    0.531 0.03751        0.462        0.610
   59     94       1    0.525 0.03753        0.457        0.604
   60     93       2    0.514 0.03757        0.446        0.593
   61     91       4    0.492 0.03758        0.423        0.571
   62     87       1    0.486 0.03757        0.418        0.565
   64     86       4    0.463 0.03748        0.395        0.543
   66     82       2    0.452 0.03741        0.384        0.532
   67     80       2    0.441 0.03732        0.373        0.520
   68     78       2    0.429 0.03721        0.362        0.509
   69     76       3    0.412 0.03700        0.346        0.492
   70     73       1    0.407 0.03692        0.340        0.486
   71     72       1    0.401 0.03684        0.335        0.480
   72     71       4    0.379 0.03646        0.313        0.457
   74     67       1    0.373 0.03635        0.308        0.451
   75     66       2    0.362 0.03611        0.297        0.440
   76     64       2    0.350 0.03586        0.287        0.428
   77     62       1    0.345 0.03572        0.281        0.422
   80     61       2    0.333 0.03543        0.271        0.411
   81     59       2    0.322 0.03512        0.260        0.399
   82     57       1    0.316 0.03496        0.255        0.393
   83     56       1    0.311 0.03479        0.250        0.387
   84     55       1    0.305 0.03461        0.244        0.381
   85     54       2    0.294 0.03424        0.234        0.369
   86     52       2    0.282 0.03384        0.223        0.357
   88     50       2    0.271 0.03342        0.213        0.345
   89     48       2    0.260 0.03297        0.203        0.333
   90     46       1    0.254 0.03273        0.198        0.327
   92     45       2    0.243 0.03223        0.187        0.315
   94     43       3    0.226 0.03144        0.172        0.297
   97     40       1    0.220 0.03115        0.167        0.291
   98     39       1    0.215 0.03086        0.162        0.285
  102     38       2    0.203 0.03026        0.152        0.272
  103     36       1    0.198 0.02994        0.147        0.266
  105     35       1    0.192 0.02961        0.142        0.260
  108     34       2    0.181 0.02893        0.132        0.247
  112     32       1    0.175 0.02857        0.127        0.241
  116     31       1    0.169 0.02820        0.122        0.235

